421
381
339
295
249
201
151
99
45
0
41
79
114
146
175
201
224
244
261
275
286
291
293
293
291
287
281
273
263
251
237
221
203
183
161
137
111
83
53
21
0
24
45
63
78
90
99
105
108
108
106
102
96
88
80
70
58
44
28
10
0
13
23
30
34
35
34
31
26
19
10
0
5
7
7
5
1
0
1
0
0
0
0
0
0
0
0
0
0
0
0
0
0
0
0
0
0
0
0
0
0
0
0
0
0
0
0
0
0
0
0
0
0
0
0
0
0
0
0
0
0
0
0
0
0
0
0
0
0
0
0
0
0
0
0
0
0
0
0
0
0
0
0
0
0
0
0
0
0
0
0
0
0
0
0
0
0
0
0
0
0
0
0
0
0
0
0
0
0
0
0
0
0
0
0
0
0
0
0
0
0
0
0
0
0
0
0
0
0
0
0
0
0
0
0
0
0
0
0
0
